  0.000   2.631
  0.082   2.677
  0.163   2.504
  0.245   2.259
  0.327   1.718
  0.408   1.676
  0.490   1.891
  0.571   1.823
  0.653   1.562
  0.735   1.650
  0.816   1.570
  0.898   1.249
  0.980   1.239
  1.061   0.849
  1.143   0.856
  1.224   0.868
  1.306   1.150
  1.388   0.853
  1.469   1.110
  1.551   0.982
  1.633   0.510
  1.714   0.961
  1.796   0.765
  1.878   0.838
  1.959   0.815
  2.041   0.350
  2.122   0.215
  2.204   0.633
  2.286   0.238
  2.367   0.734
  2.449   0.560
  2.531   0.535
  2.612   0.850
  2.694   0.907
  2.776   0.692
  2.857   0.555
  2.939   0.647
  3.020   0.600
  3.102   0.619
  3.184   0.133
  3.265   0.675
  3.347   0.072
  3.429   0.381
  3.510   0.495
  3.592   0.175
  3.673   0.430
  3.755   0.416
  3.837   0.393
  3.918   0.602
  4.000   0.275
